#Time Data
1598068799.999 475178.65853658534
1598327999.999 479161.2607003891
1598587199.999 448033.94370860927
1598846399.999 450261.385665529
1599105599.999 444239.5
1599364799.999 443192.11
1599623999.999 435211.0127388535
1599883199.999 297852.4386792453
1600142399.999 252041.33561643836
1600401599.999 255291.9
1600660799.999 268209.36363636365
1600919999.999 270666.43636363634
1601179199.999 271388.4
1601438399.999 282406.5593220339
1601697599.999 293243.8181818182
1601956799.999 297950.17307692306
1602215999.999 319305.5789473684
1602475199.999 157750.64705882352
1602734399.999 203315.6923076923
1602993599.999 3685866.911627907
1603252799.999 3685866.911627907
1603511999.999 0
1603771199.999 0
1604030399.999 0
1604293199.999 0
1604552399.999 0
1604811599.999 7379154.002232143
1605070799.999 7379154.002232143
1605329999.999 996
1605589199.999 996
1605761999.999 996
